1 0.000337056 -0.000154149 3.42177e-05 -0.498078 -0.867132 -0.000369058 0.867132 -0.498078 -0.000361 -9.1e-05 -1.47 -0.000349422 -3.67813e-05 -1.46138 -0.000347 2.425e-05 -1.45184 0.999999 0.000856886 -0.000382162 0.000143763 -0.498072 -0.867135 -0.000933378 0.867134 -0.498072 -0.00046075 0.000226 -1.41184 -0.000501266 0.000238813 -1.40184 -0.000538 0.0002345 -1.39184 0.999998 0.00132913 8.52624e-05 0.000990042 -0.498058 -0.867143 -0.00111009 0.867141 -0.49806 -0.00058 7.35e-05 -1.35184 -0.000557969 1.64063e-05 -1.34184 -0.000525 -3.85e-05 -1.33184 0.999998 0.000956228 0.00113123 0.00318394 -0.498043 -0.867145 -0.000265789 0.867149 -0.498046 -0.00033575 -0.0001515 -1.29184 -0.000296281 -0.000139719 -1.28184 -0.000268 -0.000114 -1.27184 0.999997 3.12475e-05 0.00174373 0.00616874 -0.498035 -0.867133 0.000841336 0.867144 -0.498034 -0.0003135 5.9e-05 -1.23184 0.00781219 5.00824e-312 8.00609e-312 8.00609e-312 8.00609e-312 8.00609e-312 
0.999999 0.000423129 -0.000196489 -0.000459953 0.823755 -0.566945 -7.80143e-05 0.566945 0.823756 -0.000361 -9.1e-05 -1.47 -0.000349422 -3.67813e-05 -1.46138 -0.000347 2.425e-05 -1.45184 0.999998 0.00132913 8.52624e-05 -0.00259873 0.823759 -0.566933 -0.00082375 0.566932 0.823763 -0.00046075 0.000226 -1.41184 -0.000501266 0.000238813 -1.40184 -0.000538 0.0002345 -1.39184 0.999998 0.000956228 0.00113123 -0.00379126 0.82376 -0.566927 -0.00147397 0.566921 0.823762 -0.00058 7.35e-05 -1.35184 -0.000557969 1.64063e-05 -1.34184 -0.000525 -3.85e-05 -1.33184 0.999997 3.12475e-05 0.00174373 -0.00297481 0.823759 -0.566932 -0.00145413 0.566927 0.823756 -0.00033575 -0.0001515 -1.29184 -0.000296281 -0.000139719 -1.28184 -0.000268 -0.000114 -1.27184 0.999997 -0.000787494 0.00168124 -0.000410114 0.823759 -0.566937 -0.000938477 0.566937 0.823758 -0.0003135 5.9e-05 -1.23184 0.00781219 5.00824e-312 8.00609e-312 8.00609e-312 8.00609e-312 8.00609e-312 
0.999999 0.000812091 0.000136304 -0.000803504 0.998527 -0.0542412 -0.000180137 0.0542409 0.998528 -0.000361 -9.1e-05 -1.47 -0.000349422 -3.67813e-05 -1.46138 -0.000347 2.425e-05 -1.45184 0.999998 0.000956228 0.00113123 -0.00301958 0.998523 -0.0542315 -0.00118141 0.054227 0.998525 -0.00046075 0.000226 -1.41184 -0.000501266 0.000238813 -1.40184 -0.000538 0.0002345 -1.39184 0.999997 3.12475e-05 0.00174373 -0.00384969 0.998521 -0.0542368 -0.00174284 0.05423 0.998518 -0.00058 7.35e-05 -1.35184 -0.000557969 1.64063e-05 -1.34184 -0.000525 -3.85e-05 -1.33184 0.999997 -0.000787494 0.00168124 -0.00290879 0.998523 -0.0542473 -0.00163603 0.0542437 0.998518 -0.00033575 -0.0001515 -1.29184 -0.000296281 -0.000139719 -1.28184 -0.000268 -0.000114 -1.27184 0.999997 -0.00123749 0.00108747 -0.000736588 0.998526 -0.0542471 -0.00101875 0.0542475 0.998524 -0.0003135 5.9e-05 -1.23184 0.00781219 5.00824e-312 8.00609e-312 8.00609e-312 8.00609e-312 8.00609e-312 
0.999998 0.000422793 0.000829503 -0.000897846 0.673676 0.739025 -0.00024636 -0.739026 0.673677 -0.000361 -9.1e-05 -1.47 -0.000349422 -3.67813e-05 -1.46138 -0.000347 2.425e-05 -1.45184 0.999997 3.12475e-05 0.00174373 -0.00368775 0.673672 0.73902 -0.0011516 -0.739027 0.67367 -0.00046075 0.000226 -1.41184 -0.000501266 0.000238813 -1.40184 -0.000538 0.0002345 -1.39184 0.999997 -0.000787494 0.00168124 -0.00570939 0.673675 0.739005 -0.00171456 -0.739013 0.673668 -0.00058 7.35e-05 -1.35184 -0.000557969 1.64063e-05 -1.34184 -0.000525 -3.85e-05 -1.33184 0.999997 -0.00123749 0.00108747 -0.00639129 0.673683 0.738993 -0.00164712 -0.738998 0.673674 -0.00033575 -0.0001515 -1.29184 -0.000296281 -0.000139719 -1.28184 -0.000268 -0.000114 -1.27184 0.999998 -0.00128123 0.000243722 -0.00567822 0.67369 0.738992 -0.00111101 -0.738992 0.673682 -0.0003135 5.9e-05 -1.23184 0.00781219 5.00824e-312 8.00609e-312 8.00609e-312 8.00609e-312 8.00609e-312 
0.999998 -0.000215647 0.00102494 -0.0010244 0.00245832 0.999995 -0.000218161 -0.999997 0.00245815 -0.000361 -9.1e-05 -1.47 -0.000349422 -3.67813e-05 -1.46138 -0.000347 2.425e-05 -1.45184 0.999997 -0.000787494 0.00168124 -0.00444748 0.00246073 0.999986 -0.000791613 -0.999992 0.0024559 -0.00046075 0.000226 -1.41184 -0.000501266 0.000238813 -1.40184 -0.000538 0.0002345 -1.39184 0.999997 -0.00123749 0.00108747 -0.00721117 0.00246719 0.99997 -0.00124014 -0.999977 0.00245691 -0.00058 7.35e-05 -1.35184 -0.000557969 1.64063e-05 -1.34184 -0.000525 -3.85e-05 -1.33184 0.999998 -0.00128123 0.000243722 -0.00853611 0.00247521 0.99996 -0.00128178 -0.999961 0.00246395 -0.00033575 -0.0001515 -1.29184 -0.000296281 -0.000139719 -1.28184 -0.000268 -0.000114 -1.27184 0.999999 -0.000906222 -0.00068125 -0.00809319 0.00248216 0.999964 -0.000904504 -0.999958 0.00247543 -0.0003135 5.9e-05 -1.23184 0.00781219 5.00824e-312 8.00609e-312 8.00609e-312 8.00609e-312 8.00609e-312 
0.999998 -0.000598397 0.000824945 -0.00100337 -0.436345 0.899777 -0.000178458 -0.899779 -0.436346 -0.000361 -9.1e-05 -1.47 -0.000349422 -3.67813e-05 -1.46138 -0.000347 2.425e-05 -1.45184 0.999997 -0.00123749 0.00108747 -0.0043782 -0.436344 0.899768 -0.000638934 -0.899772 -0.43635 -0.00046075 0.000226 -1.41184 -0.000501266 0.000238813 -1.40184 -0.000538 0.0002345 -1.39184 0.999998 -0.00128123 0.000243722 -0.006675 -0.436341 0.899756 -0.00104644 -0.899757 -0.43635 -0.00058 7.35e-05 -1.35184 -0.000557969 1.64063e-05 -1.34184 -0.000525 -3.85e-05 -1.33184 0.999999 -0.000906222 -0.00068125 -0.00723582 -0.436336 0.899755 -0.00111264 -0.899749 -0.436342 -0.00033575 -0.0001515 -1.29184 -0.000296281 -0.000139719 -1.28184 -0.000268 -0.000114 -1.27184 0.999998 -0.000168748 -0.00141247 -0.00582102 -0.436333 0.899766 -0.000768136 -0.899757 -0.436333 -0.0003135 5.9e-05 -1.23184 0.00781219 5.00824e-312 8.00609e-312 8.00609e-312 8.00609e-312 8.00609e-312 
0.999998 -0.000731292 0.000395283 -0.000812327 -0.758641 0.651507 -0.000176555 -0.651508 -0.758642 -0.000361 -9.1e-05 -1.47 -0.000349422 -3.67813e-05 -1.46138 -0.000347 2.425e-05 -1.45184 0.999998 -0.00128123 0.000243722 -0.00359042 -0.758643 0.651496 -0.000649809 -0.651496 -0.758647 -0.00046075 0.000226 -1.41184 -0.000501266 0.000238813 -1.40184 -0.000538 0.0002345 -1.39184 0.999999 -0.000906222 -0.00068125 -0.00496488 -0.758641 0.65149 -0.00110722 -0.651486 -0.758645 -0.00058 7.35e-05 -1.35184 -0.000557969 1.64063e-05 -1.34184 -0.000525 -3.85e-05 -1.33184 0.999998 -0.000168748 -0.00141247 -0.00441635 -0.758639 0.651496 -0.00118149 -0.651489 -0.758638 -0.00033575 -0.0001515 -1.29184 -0.000296281 -0.000139719 -1.28184 -0.000268 -0.000114 -1.27184 0.999997 0.000756237 -0.00164374 -0.00197954 -0.75864 0.651505 -0.00075431 -0.651502 -0.758637 -0.0003135 5.9e-05 -1.23184 0.00781219 5.00824e-312 8.00609e-312 8.00609e-312 8.00609e-312 8.00609e-312 
0.999999 -0.000651542 -8.90627e-05 -0.000623352 -0.982328 0.187162 -0.000209424 -0.187163 -0.982329 -0.000361 -9.1e-05 -1.47 -0.000349422 -3.67813e-05 -1.46138 -0.000347 2.425e-05 -1.45184 0.999999 -0.000906222 -0.00068125 -0.00269027 -0.982327 0.187153 -0.000838812 -0.18715 -0.982329 -0.00046075 0.000226 -1.41184 -0.000501266 0.000238813 -1.40184 -0.000538 0.0002345 -1.39184 0.999998 -0.000168748 -0.00141247 -0.00335439 -0.982325 0.187155 -0.00141909 -0.18715 -0.982323 -0.00058 7.35e-05 -1.35184 -0.000557969 1.64063e-05 -1.34184 -0.000525 -3.85e-05 -1.33184 0.999997 0.000756237 -0.00164374 -0.0022053 -0.982326 0.187162 -0.00147314 -0.18716 -0.982322 -0.00033575 -0.0001515 -1.29184 -0.000296281 -0.000139719 -1.28184 -0.000268 -0.000114 -1.27184 0.999996 0.00148124 -0.00114374 0.000514346 -0.982328 0.187161 -0.000846296 -0.187163 -0.982327 -0.0003135 5.9e-05 -1.23184 0.00781219 5.00824e-312 8.00609e-312 8.00609e-312 8.00609e-312 8.00609e-312 
0.999999 -0.000359336 -0.000571874 -0.000627739 -0.806928 -0.590649 -0.000249215 0.590649 -0.806928 -0.000361 -9.1e-05 -1.47 -0.000349422 -3.67813e-05 -1.46138 -0.000347 2.425e-05 -1.45184 0.999998 -0.000168748 -0.00141247 -0.00273181 -0.806924 -0.590648 -0.00104009 0.590653 -0.806923 -0.00046075 0.000226 -1.41184 -0.000501266 0.000238813 -1.40184 -0.000538 0.0002345 -1.39184 0.999997 0.000756237 -0.00164374 -0.00406288 -0.806926 -0.590638 -0.00177303 0.590644 -0.80692 -0.00058 7.35e-05 -1.35184 -0.000557969 1.64063e-05 -1.34184 -0.000525 -3.85e-05 -1.33184 0.999996 0.00148124 -0.00114374 -0.00390378 -0.806932 -0.590631 -0.00179778 0.590633 -0.806924 -0.00033575 -0.0001515 -1.29184 -0.000296281 -0.000139719 -1.28184 -0.000268 -0.000114 -1.27184 0.999997 0.00156249 -0.000162476 -0.0022192 -0.806935 -0.590635 -0.00105397 0.590634 -0.806931 -0.0003135 5.9e-05 -1.23184 0.00781219 5.00824e-312 8.00609e-312 8.00609e-312 8.00609e-312 8.00609e-312 
0.999999 9.9944e-05 -0.000889042 -0.000866533 -0.138935 -0.9903 -0.0002225 0.990301 -0.138935 0 0 0 0 0 0 0 0 0 0.999997 0.000756237 -0.00164374 -0.00381146 -0.138937 -0.990293 -0.000977266 0.990298 -0.138933 0 0 0 0 0 0 0 0 0 0.999996 0.00148124 -0.00114374 -0.00626099 -0.138945 -0.99028 -0.00162575 0.990285 -0.138934 0 0 0 0 0 0 0 0 0 0.999997 0.00156249 -0.000162476 -0.0071316 -0.138954 -0.990273 -0.00156986 0.990272 -0.138943 0 0 0 0 0 0 0 0 0 0.999999 0.000874976 0.000812494 -0.00614921 -0.138961 -0.990278 -0.000753571 0.990273 -0.138956 0 0 0 0 0 0 0 0 0 
0.999998 0.000609341 -0.000879648 -0.00105079 0.4038 -0.914845 -0.000202248 0.914847 0.403802 0 0 0 0 0 0 0 0 0 0.999996 0.00148124 -0.00114374 -0.00450438 0.403797 -0.914836 -0.000893244 0.91484 0.403805 0 0 0 0 0 0 0 0 0 0.999997 0.00156249 -0.000162476 -0.0069284 0.40379 -0.914825 -0.00136378 0.914824 0.403801 0 0 0 0 0 0 0 0 0 0.999999 0.000874976 0.000812494 -0.00731798 0.403782 -0.914826 -0.00112853 0.914819 0.403787 0 0 0 0 0 0 0 0 0 0.999998 -0.000199996 0.00122498 -0.00572658 0.403779 -0.914838 -0.000311656 0.914831 0.403778 0 0 0 0 0 0 0 0 0 
0.999998 0.000921845 -0.000446842 -0.00100305 0.792432 -0.609956 -0.000208186 0.609957 0.792434 0 0 0 0 0 0 0 0 0 0.999997 0.00156249 -0.000162476 -0.00421174 0.792431 -0.609945 -0.000824265 0.609945 0.792438 0 0 0 0 0 0 0 0 0 0.999999 0.000874976 0.000812494 -0.0057468 0.792426 -0.609941 -0.00117753 0.609936 0.79243 0 0 0 0 0 0 0 0 0 0.999998 -0.000199996 0.00122498 -0.00503892 0.792423 -0.60995 -0.000848714 0.609944 0.792421 0 0 0 0 0 0 0 0 0 0.999998 -0.00108124 0.00102499 -0.00265125 0.792428 -0.609958 -0.000152724 0.609956 0.792424 0 0 0 0 0 0 0 0 0 
0.999998 0.000801593 0.000164074 -0.000783249 0.995819 -0.0913299 -0.000236585 0.0913299 0.995821 0 0 0 0 0 0 0 0 0 0.999999 0.000874976 0.000812494 -0.00315117 0.995816 -0.0913224 -0.000888999 0.0913191 0.995818 0 0 0 0 0 0 0 0 0 0.999998 -0.000199996 0.00122498 -0.00363726 0.995814 -0.0913265 -0.00120159 0.0913223 0.995812 0 0 0 0 0 0 0 0 0 0.999998 -0.00108124 0.00102499 -0.00215589 0.995817 -0.0913329 -0.000921955 0.0913317 0.995814 0 0 0 0 0 0 0 0 0 0.999998 -0.00139999 0.000462493 0.000450827 0.995819 -0.0913313 -0.000332698 0.091332 0.99582 0 0 0 0 0 0 0 0 0 
0.999999 0.000265588 0.000649988 -0.000644734 0.713966 0.700179 -0.000278107 -0.700179 0.713967 0 0 0 0 0 0 0 0 0 0.999998 -0.000199996 0.00122498 -0.00255325 0.713964 0.700177 -0.00101463 -0.70018 0.713962 0 0 0 0 0 0 0 0 0 0.999998 -0.00108124 0.00102499 -0.00321387 0.713968 0.700171 -0.00148887 -0.700173 0.713963 0 0 0 0 0 0 0 0 0 0.999998 -0.00139999 0.000462493 -0.00248384 0.713972 0.700169 -0.00131044 -0.700168 0.713968 0 0 0 0 0 0 0 0 0 0.999999 -0.00113749 -9.37573e-05 -0.000930323 0.713973 0.700172 -0.000729506 -0.700171 0.713972 0 0 0 0 0 0 0 0 0 
0.999999 -0.000368692 0.000715612 -0.000769661 -0.177385 0.98414 -0.000235908 -0.984141 -0.177386 0 0 0 0 0 0 0 0 0 0.999998 -0.00108124 0.00102499 -0.00321122 -0.177382 0.984136 -0.000882271 -0.984138 -0.177386 0 0 0 0 0 0 0 0 0 0.999998 -0.00139999 0.000462493 -0.00511523 -0.177375 0.98413 -0.00129574 -0.98413 -0.177383 0 0 0 0 0 0 0 0 0 0.999999 -0.00113749 -9.37573e-05 -0.00592821 -0.177367 0.984127 -0.00113607 -0.984125 -0.177373 0 0 0 0 0 0 0 0 0 0.999999 -0.000556238 -0.00045625 -0.00568734 -0.17736 0.984129 -0.000628339 -0.984127 -0.177363 0 0 0 0 0 0 0 0 0 
0.999999 -0.000760946 0.0004625 -0.000873799 -0.738497 0.674255 -0.000171515 -0.674256 -0.738498 0 0 0 0 0 0 0 0 0 0.999998 -0.00139999 0.000462493 -0.00370913 -0.738493 0.67425 -0.000602395 -0.67425 -0.738499 0 0 0 0 0 0 0 0 0 0.999999 -0.00113749 -9.37573e-05 -0.00583167 -0.738485 0.674244 -0.000836183 -0.674243 -0.738492 0 0 0 0 0 0 0 0 0 0.999999 -0.000556238 -0.00045625 -0.00671162 -0.738477 0.674245 -0.000711978 -0.674241 -0.738481 0 0 0 0 0 0 0 0 0 1 0.000150002 -0.000631247 -0.00627838 -0.738475 0.674251 -0.000365021 -0.674247 -0.738474 0 0 0 0 0 0 0 0 0 
0.999999 -0.000779696 9.05949e-05 -0.000773063 -0.958281 0.285823 -0.000136037 -0.285823 -0.958282 0 0 0 0 0 0 0 0 0 0.999999 -0.00113749 -9.37573e-05 -0.00331009 -0.958278 0.285817 -0.000414954 -0.285816 -0.958282 0 0 0 0 0 0 0 0 0 0.999999 -0.000556238 -0.00045625 -0.00477595 -0.958273 0.285816 -0.000596197 -0.285813 -0.958275 0 0 0 0 0 0 0 0 0 1 0.000150002 -0.000631247 -0.00485441 -0.958271 0.28582 -0.000562031 -0.285817 -0.95827 0 0 0 0 0 0 0 0 0 0.999999 0.000812492 -0.000593748 -0.00358196 -0.958275 0.285825 -0.000336743 -0.285823 -0.958272 0 0 0 0 0 0 0 0 0 
0.999999 -0.000503092 -0.000185943 -0.000521275 -0.993245 -0.116033 -0.000126305 0.116033 -0.993245 0 0 0 0 0 0 0 0 0 0.999999 -0.000556238 -0.00045625 -0.00226739 -0.993242 -0.116036 -0.000388624 0.116037 -0.993243 0 0 0 0 0 0 0 0 0 1 0.000150002 -0.000631247 -0.00279707 -0.993241 -0.116034 -0.000644383 0.116036 -0.99324 0 0 0 0 0 0 0 0 0 0.999999 0.000812492 -0.000593748 -0.00198322 -0.993243 -0.116031 -0.000684011 0.116032 -0.993241 0 0 0 0 0 0 0 0 0 0.999998 0.00126249 -0.000243753 -1.94291e-05 -0.993245 -0.116032 -0.000388596 0.116032 -0.993245 0 0 0 0 0 0 0 0 0 
1 -0.000132845 -0.000318748 -0.000308242 -0.759534 -0.650467 -0.000155686 0.650468 -0.759534 0 0 0 0 0 0 0 0 0 1 0.000150002 -0.000631247 -0.00132417 -0.759533 -0.650467 -0.000577021 0.650468 -0.759533 0 0 0 0 0 0 0 0 0 0.999999 0.000812492 -0.000593748 -0.00138994 -0.759534 -0.650465 -0.00097947 0.650465 -0.759533 0 0 0 0 0 0 0 0 0 0.999998 0.00126249 -0.000243753 -0.000358685 -0.759535 -0.650466 -0.00100635 0.650465 -0.759534 0 0 0 0 0 0 0 0 0 0.999999 0.00119375 0.000274998 0.00152725 -0.759531 -0.650468 -0.000567626 0.650467 -0.759534 0 0 0 0 0 0 0 0 0 
1 0.0002516 -0.00035938 -0.000407443 0.228996 -0.973427 -0.000162615 0.973427 0.228996 0 0 0 0 0 0 0 0 0 0.999999 0.000812492 -0.000593748 -0.00182029 0.228995 -0.973426 -0.000654934 0.973426 0.228997 0 0 0 0 0 0 0 0 0 0.999998 0.00126249 -0.000243753 -0.00311069 0.228991 -0.973423 -0.00117312 0.973423 0.228995 0 0 0 0 0 0 0 0 0 0.999999 0.00119375 0.000274998 -0.00364272 0.228986 -0.973423 -0.00122499 0.973421 0.22899 0 0 0 0 0 0 0 0 0 0.999999 0.000556241 0.000687496 -0.00310652 0.228981 -0.973426 -0.000698883 0.973423 0.228983 0 0 0 0 0 0 0 0 0 
0.999999 0.000571896 -0.000287501 -0.000628063 0.789987 -0.613123 -0.00012352 0.613123 0.789988 0 0 0 0 0 0 0 0 0 0.999998 0.00126249 -0.000243753 -0.00278076 0.789984 -0.61312 -0.000581498 0.61312 0.789988 0 0 0 0 0 0 0 0 0 0.999999 0.00119375 0.000274998 -0.00470199 0.789977 -0.613118 -0.000949152 0.613116 0.789982 0 0 0 0 0 0 0 0 0 0.999999 0.000556241 0.000687496 -0.00549431 0.789969 -0.613122 -0.000884145 0.613118 0.789972 0 0 0 0 0 0 0 0 0 0.999999 -0.000393748 0.000618748 -0.00482179 0.789968 -0.613128 -0.000247371 0.613125 0.789966 0 0 0 0 0 0 0 0 0 
0.999999 0.000743796 -3.43828e-05 -0.000735503 0.979551 -0.20119 -0.000115964 0.20119 0.979552 0 0 0 0 0 0 0 0 0 0.999999 0.00119375 0.000274998 -0.00313524 0.979547 -0.201188 -0.000509541 0.201186 0.979551 0 0 0 0 0 0 0 0 0 0.999999 0.000556241 0.000687496 -0.00465578 0.979541 -0.20119 -0.000785341 0.201187 0.979543 0 0 0 0 0 0 0 0 0 0.999999 -0.000393748 0.000618748 -0.00455215 0.97954 -0.201196 -0.000526864 0.201193 0.979538 0 0 0 0 0 0 0 0 0 0.999999 -0.00108778 8.10821e-05 -0.00296037 0.979546 -0.201196 0.000139436 0.201196 0.979543 0 0 0 0 0 0 0 0 0 
0.999999 0.00057965 0.000267185 -0.000624257 0.975455 0.220195 -0.000132991 -0.220195 0.975456 0 0 0 0 0 0 0 0 0 0.999999 0.000556241 0.000687496 -0.00254322 0.975452 0.220194 -0.000548139 -0.220196 0.975454 0 0 0 0 0 0 0 0 0 0.999999 -0.000393748 0.000618748 -0.00298936 0.975452 0.220191 -0.000690254 -0.220193 0.97545 0 0 0 0 0 0 0 0 0 0.999999 -0.00108778 8.10821e-05 -0.00169861 0.975455 0.220192 -0.000318611 -0.220191 0.975453 0 0 0 0 0 0 0 0 0 0.999998 -0.00117503 -0.00058759 0.000619818 0.975455 0.220194 0.000314431 -0.220195 0.975455 0 0 0 0 0 0 0 0 0 
1 0.000118744 0.000446867 -0.000424786 0.617634 0.786465 -0.000182611 -0.786466 0.617634 0 0 0 0 0 0 0 0 0 0.999999 -0.000393748 0.000618748 -0.00155247 0.617634 0.786464 -0.000691823 -0.786465 0.617633 0 0 0 0 0 0 0 0 0 0.999999 -0.00108778 8.10821e-05 -0.00118813 0.617634 0.786465 -0.00090558 -0.786464 0.617632 0 0 0 0 0 0 0 0 0 0.999998 -0.00117503 -0.00058759 0.000607406 0.617632 0.786466 -0.00056121 -0.786466 0.617633 0 0 0 0 0 0 0 0 0 0.999999 -0.000656244 -0.0009 0.0029083 0.617628 0.786464 3.97512e-05 -0.786467 0.61763 0 0 0 0 0 0 0 0 0 
1 -0.000434347 0.000292191 -0.000477522 -0.528201 0.849119 -0.000214478 -0.849119 -0.528201 0 0 0 0 0 0 0 0 0 0.999999 -0.00108778 8.10821e-05 -0.0018543 -0.5282 0.849118 -0.000880827 -0.849117 -0.528203 0 0 0 0 0 0 0 0 0 0.999998 -0.00117503 -0.00058759 -0.00261949 -0.528198 0.849117 -0.0013081 -0.849114 -0.528201 0 0 0 0 0 0 0 0 0 0.999999 -0.000656244 -0.0009 -0.00232368 -0.528195 0.84912 -0.0010326 -0.849117 -0.528195 0 0 0 0 0 0 0 0 0 1 2.49967e-05 -0.000674994 -0.00131974 -0.528193 0.849123 -0.000335299 -0.849122 -0.528193 0 0 0 0 0 0 0 0 0 
0.999999 -0.0007177 -9.41215e-05 -0.000706101 -0.99582 0.0913332 -0.000159279 -0.0913331 -0.99582 0 0 0 0 0 0 0 0 0 0.999998 -0.00117503 -0.00058759 -0.0029129 -0.995816 0.0913314 -0.000692447 -0.0913289 -0.995819 0 0 0 0 0 0 0 0 0 0.999999 -0.000656244 -0.0009 -0.00460061 -0.995809 0.0913359 -0.000956165 -0.0913312 -0.995812 0 0 0 0 0 0 0 0 0 1 2.49967e-05 -0.000674994 -0.00508536 -0.995806 0.0913436 -0.000669882 -0.0913402 -0.995806 0 0 0 0 0 0 0 0 0 1 0.000562497 -0.000131255 -0.00442667 -0.995809 0.0913461 -7.93166e-05 -0.0913456 -0.995807 0 0 0 0 0 0 0 0 0 
0.999999 -0.000609411 -0.00046111 -0.000752392 -0.890791 -0.454411 -0.000133829 0.454411 -0.890792 0 0 0 0 0 0 0 0 0 0.999999 -0.000656244 -0.0009 -0.00305958 -0.890787 -0.454409 -0.000503504 0.454412 -0.890789 0 0 0 0 0 0 0 0 0 1 2.49967e-05 -0.000674994 -0.00433757 -0.890786 -0.454403 -0.000612638 0.454406 -0.890785 0 0 0 0 0 0 0 0 0 1 0.000562497 -0.000131255 -0.0041806 -0.890787 -0.454401 -0.000372515 0.454401 -0.890785 0 0 0 0 0 0 0 0 0 0.999999 0.000774904 0.000462358 -0.00283865 -0.890791 -0.454404 5.97418e-05 0.454403 -0.890788 0 0 0 0 0 0 0 0 0 
0.999999 -0.000198446 -0.000528121 -0.000548869 -0.558756 -0.829332 -0.000130511 0.829332 -0.558756 0 0 0 0 0 0 0 0 0 1 2.49967e-05 -0.000674994 -0.00220777 -0.558755 -0.829329 -0.000397892 0.829331 -0.558755 0 0 0 0 0 0 0 0 0 1 0.000562497 -0.000131255 -0.00254814 -0.558756 -0.829328 -0.000539833 0.829328 -0.558754 0 0 0 0 0 0 0 0 0 0.999999 0.000774904 0.000462358 -0.0015261 -0.558756 -0.829331 -0.000384312 0.82933 -0.558754 0 0 0 0 0 0 0 0 0 0.999999 0.000737499 0.000874997 0.000428234 -0.558754 -0.829332 -0.000122724 0.829333 -0.558755 0 0 0 0 0 0 0 0 0 
1 0.000182795 -0.000281248 -0.000295042 0.0804339 -0.99676 -0.000159585 0.99676 0.0804339 0 0 0 0 0 0 0 0 0 1 0.000562497 -0.000131255 -0.00114593 0.0804347 -0.996759 -0.000550119 0.996759 0.0804354 0 0 0 0 0 0 0 0 0 0.999999 0.000774904 0.000462358 -0.000923341 0.0804366 -0.996759 -0.000809591 0.996758 0.0804369 0 0 0 0 0 0 0 0 0 0.999999 0.000737499 0.000874997 0.000288155 0.0804385 -0.996759 -0.000805492 0.996759 0.0804376 0 0 0 0 0 0 0 0 0 0.999999 0.000425001 0.00106249 0.00212586 0.0804399 -0.996757 -0.000509092 0.996759 0.0804385 0 0 0 0 0 0 0 0 0 
1 0.000415599 7.03033e-05 -0.000390362 0.976065 -0.21748 -0.000159012 0.21748 0.976065 0 0 0 0 0 0 0 0 0 0.999999 0.000774904 0.000462358 -0.0016238 0.976064 -0.217477 -0.000619818 0.217476 0.976065 0 0 0 0 0 0 0 0 0 0.999999 0.000737499 0.000874997 -0.00280922 0.976061 -0.217478 -0.00101444 0.217475 0.976062 0 0 0 0 0 0 0 0 0 0.999999 0.000425001 0.00106249 -0.00352252 0.976058 -0.217484 -0.00112949 0.21748 0.976058 0 0 0 0 0 0 0 0 0 0.999999 -0.000112599 0.000924885 -0.00339528 0.976056 -0.217491 -0.000878255 0.217488 0.976055 0 0 0 0 0 0 0 0 0 
0.999999 0.000440597 0.000379687 -0.000573617 0.855088 0.518481 -9.62217e-05 -0.518482 0.855089 0 0 0 0 0 0 0 0 0 0.999999 0.000737499 0.000874997 -0.00256039 0.855085 0.518481 -0.000365817 -0.518483 0.855086 0 0 0 0 0 0 0 0 0 0.999999 0.000425001 0.00106249 -0.00455898 0.855081 0.518474 -0.00068817 -0.518479 0.855082 0 0 0 0 0 0 0 0 0 0.999999 -0.000112599 0.000924885 -0.00585664 0.85508 0.518463 -0.000849233 -0.518469 0.855078 0 0 0 0 0 0 0 0 0 0.999999 -0.000712492 0.000356241 -0.00581548 0.855083 0.518459 -0.00067402 -0.518461 0.855078 0 0 0 0 0 0 0 0 0 
0.999999 0.0003594 0.000540628 -0.000643967 0.654575 0.755996 -8.21765e-05 -0.755997 0.654576 0 0 0 0 0 0 0 0 0 0.999999 0.000425001 0.00106249 -0.00286965 0.654573 0.755992 -0.000374184 -0.755996 0.654574 0 0 0 0 0 0 0 0 0 0.999999 -0.000112599 0.000924885 -0.00457672 0.654572 0.755985 -0.000690531 -0.755989 0.654571 0 0 0 0 0 0 0 0 0 0.999999 -0.000712492 0.000356241 -0.0050053 0.654574 0.755981 -0.000771822 -0.755983 0.65457 0 0 0 0 0 0 0 0 0 0.999999 -0.00102499 -0.000568746 -0.00370733 0.654576 0.755986 -0.000402595 -0.755984 0.654572 0 0 0 0 0 0 0 0 0 
0.999999 0.000134402 0.000578093 -0.000584965 0.387963 0.921674 -0.000100405 -0.921675 0.387963 0 0 0 0 0 0 0 0 0 0.999999 -0.000112599 0.000924885 -0.00253801 0.387963 0.921671 -0.000462603 -0.921673 0.387963 0 0 0 0 0 0 0 0 0 0.999999 -0.000712492 0.000356241 -0.00339883 0.387963 0.921669 -0.000794892 -0.921669 0.38796 0 0 0 0 0 0 0 0 0 0.999999 -0.00102499 -0.000568746 -0.00252889 0.387961 0.921672 -0.000724057 -0.92167 0.387959 0 0 0 0 0 0 0 0 0 0.999997 -0.000750071 -0.00143732 8.82579e-06 0.387959 0.921675 -0.000133712 -0.921675 0.387959 0 0 0 0 0 0 0 0 0 
0.999999 -0.000190595 0.000428123 -0.000444045 -0.0933155 0.995636 -0.000149813 -0.995636 -0.0933157 0 0 0 0 0 0 0 0 0 0.999999 -0.000712492 0.000356241 -0.00179668 -0.0933176 0.995635 -0.000676136 -0.995635 -0.0933191 0 0 0 0 0 0 0 0 0 0.999999 -0.00102499 -0.000568746 -0.00174725 -0.0933217 0.995634 -0.0010736 -0.995632 -0.0933229 0 0 0 0 0 0 0 0 0 0.999997 -0.000750071 -0.00143732 8.45782e-05 -0.0933256 0.995635 -0.000880942 -0.995634 -0.0933243 0 0 0 0 0 0 0 0 0 0.999997 1.25049e-05 -0.00171873 0.0031582 -0.0933272 0.995629 -0.000147961 -0.995634 -0.093327 0 0 0 0 0 0 0 0 0 
1 -0.000506193 3.59352e-05 -0.000457936 -0.869606 0.493745 -0.000218672 -0.493745 -0.869607 0 0 0 0 0 0 0 0 0 0.999999 -0.00102499 -0.000568746 -0.00186395 -0.869608 0.49374 -0.00100066 -0.493738 -0.869609 0 0 0 0 0 0 0 0 0 0.999997 -0.000750071 -0.00143732 -0.00241694 -0.869607 0.493739 -0.00162024 -0.493735 -0.869606 0 0 0 0 0 0 0 0 0 0.999997 1.25049e-05 -0.00171873 -0.0014999 -0.869606 0.493744 -0.00148845 -0.493741 -0.869603 0 0 0 0 0 0 0 0 0 0.999998 0.000806244 -0.00118748 0.000647009 -0.869607 0.493743 -0.000634571 -0.493744 -0.869606 0 0 0 0 0 0 0 0 0 
0.999999 -0.000590594 -0.000515626 -0.000758482 -0.895239 -0.445583 -0.000198446 0.445584 -0.89524 0 0 0 0 0 0 0 0 0 0.999997 -0.000750071 -0.00143732 -0.00324146 -0.895234 -0.445583 -0.000952506 0.445589 -0.895235 0 0 0 0 0 0 0 0 0 0.999997 1.25049e-05 -0.00171873 -0.00530803 -0.89523 -0.445571 -0.00154423 0.44558 -0.895228 0 0 0 0 0 0 0 0 0 0.999998 0.000806244 -0.00118748 -0.00586999 -0.895234 -0.445558 -0.0014223 0.445564 -0.895227 0 0 0 0 0 0 0 0 0 0.999999 0.00113131 -0.000118485 -0.00471748 -0.89524 -0.445559 -0.000610141 0.445558 -0.895234 0 0 0 0 0 0 0 0 0 
0.999998 -0.000306194 -0.000935896 -0.000967567 -0.482102 -0.876113 -0.000182927 0.876115 -0.482103 0 0 0 0 0 0 0 0 0 0.999997 1.25049e-05 -0.00171873 -0.00408832 -0.4821 -0.876105 -0.000839552 0.876112 -0.482099 0 0 0 0 0 0 0 0 0 0.999998 0.000806244 -0.00118748 -0.00623975 -0.482102 -0.876092 -0.00127882 0.876099 -0.482096 0 0 0 0 0 0 0 0 0 0.999999 0.00113131 -0.000118485 -0.00645006 -0.482106 -0.876089 -0.00104825 0.876088 -0.482099 0 0 0 0 0 0 0 0 0 0.999998 0.000868738 0.000956234 -0.00475214 -0.482109 -0.876097 -0.000300087 0.876093 -0.482105 0 0 0 0 0 0 0 0 0 
0.999998 0.000196903 -0.000929637 -0.00093012 0.00244564 -0.999995 -0.000194622 0.999997 0.00244584 0 0 0 0 0 0 0 0 0 0.999998 0.000806244 -0.00118748 -0.00383833 0.00244578 -0.999989 -0.000803321 0.999993 0.00244983 0 0 0 0 0 0 0 0 0 0.999999 0.00113131 -0.000118485 -0.00514928 0.00244611 -0.999984 -0.001131 0.999983 0.00245207 0 0 0 0 0 0 0 0 0 0.999998 0.000868738 0.000956234 -0.0043167 0.00244645 -0.999987 -0.000871064 0.999982 0.00244937 0 0 0 0 0 0 0 0 0 0.999997 0.000243748 0.00156873 -0.00179446 0.00244663 -0.999994 -0.000247583 0.999991 0.00244668 0 0 0 0 0 0 0 0 0 
0.999999 0.000601545 -0.00046089 -0.000722317 0.572676 -0.81978 -0.000229184 0.819781 0.572677 0 0 0 0 0 0 0 0 0 0.999999 0.00113131 -0.000118485 -0.00290269 0.572679 -0.819774 -0.000859564 0.819773 0.572683 0 0 0 0 0 0 0 0 0 0.999998 0.000868738 0.000956234 -0.00336149 0.572681 -0.819771 -0.00125978 0.819767 0.572683 0 0 0 0 0 0 0 0 0 0.999997 0.000243748 0.00156873 -0.00192868 0.572682 -0.819775 -0.0010982 0.819772 0.57268 0 0 0 0 0 0 0 0 0 0.999997 -0.000418598 0.00164372 0.000805047 0.572682 -0.819776 -0.000598175 0.819778 0.572681 0 0 0 0 0 0 0 0 0 
0.999999 0.000646939 0.000208359 -0.000624685 0.995638 -0.0932918 -0.000267802 0.0932918 0.995639 0 0 0 0 0 0 0 0 0 0.999998 0.000868738 0.000956234 -0.0025378 0.995636 -0.0932843 -0.0010331 0.093281 0.995637 0 0 0 0 0 0 0 0 0 0.999997 0.000243748 0.00156873 -0.00340989 0.995633 -0.0932878 -0.00158463 0.093282 0.995632 0 0 0 0 0 0 0 0 0 0.999997 -0.000418598 0.00164372 -0.00293596 0.995634 -0.0932969 -0.00159749 0.0932928 0.99563 0 0 0 0 0 0 0 0 0 0.999998 -0.000924991 0.00119373 -0.00133335 0.995637 -0.093299 -0.00110222 0.0932985 0.995634 0 0 0 0 0 0 0 0 0 
0.999999 0.000368747 0.000746856 -0.00080242 0.666951 0.7451 -0.000223367 -0.745101 0.666952 0 0 0 0 0 0 0 0 0 0.999997 0.000243748 0.00156873 -0.00342575 0.666947 0.745097 -0.00086465 -0.745102 0.666946 0 0 0 0 0 0 0 0 0 0.999997 -0.000418598 0.00164372 -0.00570262 0.666947 0.745082 -0.00140816 -0.745091 0.666943 0 0 0 0 0 0 0 0 0 0.999998 -0.000924991 0.00119373 -0.00692054 0.666953 0.745068 -0.00148534 -0.745075 0.666945 0 0 0 0 0 0 0 0 0 0.999999 -0.00117498 0.000368728 -0.0066841 0.666959 0.745064 -0.00112136 -0.745065 0.666951 0 0 0 0 0 0 0 0 0 
0.999998 -3.4349e-05 0.000937439 -0.000922213 0.146997 0.989135 -0.000171779 -0.989137 0.146997 0 0 0 0 0 0 0 0 0 0.999997 -0.000418598 0.00164372 -0.00407405 0.146997 0.989127 -0.000655664 -0.989134 0.146995 0 0 0 0 0 0 0 0 0 0.999998 -0.000924991 0.00119373 -0.00668313 0.147001 0.989113 -0.0010904 -0.98912 0.146994 0 0 0 0 0 0 0 0 0 0.999999 -0.00117498 0.000368728 -0.00791988 0.147006 0.989104 -0.00121638 -0.989105 0.146996 0 0 0 0 0 0 0 0 0 0.999999 -0.00103737 -0.000681548 -0.00728552 0.147011 0.989108 -0.000925878 -0.989102 0.147004 0 0 0 0 0 0 0 0 0 
0.999998 -0.000374753 0.000840686 -0.000907618 -0.249636 0.968338 -0.000153017 -0.96834 -0.249637 0 0 0 0 0 0 0 0 0 0.999998 -0.000924991 0.00119373 -0.00399069 -0.249636 0.96833 -0.000597699 -0.968335 -0.249641 0 0 0 0 0 0 0 0 0 0.999999 -0.00117498 0.000368728 -0.0060279 -0.249636 0.968321 -0.00104571 -0.968322 -0.249643 0 0 0 0 0 0 0 0 0 0.999999 -0.00103737 -0.000681548 -0.00627759 -0.249634 0.96832 -0.00117465 -0.968314 -0.24964 0 0 0 0 0 0 0 0 0 0.999997 -0.000418735 -0.00160622 -0.0044261 -0.249632 0.968329 -0.000806442 -0.968322 -0.249633 0 0 0 0 0 0 0 0 0 
0.999999 -0.000589093 0.000484336 -0.000742967 -0.609224 0.792997 -0.000172079 -0.792998 -0.609225 0 0 0 0 0 0 0 0 0 0.999999 -0.00117498 0.000368728 -0.00326135 -0.609227 0.792988 -0.000707103 -0.792989 -0.609232 0 0 0 0 0 0 0 0 0 0.999999 -0.00103737 -0.000681548 -0.00436143 -0.609229 0.792983 -0.00123784 -0.792978 -0.609232 0 0 0 0 0 0 0 0 0 0.999997 -0.000418735 -0.00160622 -0.00343467 -0.609228 0.792987 -0.00131061 -0.792981 -0.609227 0 0 0 0 0 0 0 0 0 0.999996 0.000568734 -0.00196248 -0.000513334 -0.609228 0.792992 -0.000744593 -0.792992 -0.609227 0 0 0 0 0 0 0 0 0 
0.999999 -0.00064999 -2.18868e-05 -0.000609456 -0.948331 0.317281 -0.000226983 -0.317281 -0.948332 0 0 0 0 0 0 0 0 0 0.999999 -0.00103737 -0.000681548 -0.00260845 -0.948331 0.317271 -0.000975461 -0.317268 -0.948333 0 0 0 0 0 0 0 0 0 0.999997 -0.000418735 -0.00160622 -0.00326368 -0.948329 0.317272 -0.00165608 -0.317266 -0.948328 0 0 0 0 0 0 0 0 0 0.999996 0.000568734 -0.00196248 -0.00198916 -0.948329 0.317279 -0.00168063 -0.317276 -0.948325 0 0 0 0 0 0 0 0 0 0.999996 0.00143729 -0.0014501 0.000996103 -0.948331 0.317276 -0.000919163 -0.317279 -0.948331 0 0 0 0 0 0 0 0 0 
0.999999 -0.000484384 -0.00060312 -0.000728627 -0.851658 -0.524096 -0.000259786 0.524097 -0.851659 0 0 0 0 0 0 0 0 0 0.999997 -0.000418735 -0.00160622 -0.00316767 -0.851652 -0.524096 -0.00114848 0.524102 -0.851652 0 0 0 0 0 0 0 0 0 0.999996 0.000568734 -0.00196248 -0.00491025 -0.851653 -0.524083 -0.00196941 0.524092 -0.851646 0 0 0 0 0 0 0 0 0 0.999996 0.00143729 -0.0014501 -0.00499003 -0.85166 -0.524071 -0.00198824 0.524076 -0.85165 0 0 0 0 0 0 0 0 0 0.999997 0.00166247 -0.000293718 -0.00326375 -0.851664 -0.524076 -0.00112142 0.524075 -0.851659 0 0 0 0 0 0 0 0 0 
0.999998 -5.46454e-05 -0.00103433 -0.00100814 -0.280479 -0.959858 -0.000237648 0.95986 -0.280479 0 0 0 0 0 0 0 0 0 0.999996 0.000568734 -0.00196248 -0.0043915 -0.280479 -0.959848 -0.00109633 0.959857 -0.280474 0 0 0 0 0 0 0 0 0 0.999996 0.00143729 -0.0014501 -0.00710422 -0.280486 -0.959831 -0.00178629 0.959839 -0.280473 0 0 0 0 0 0 0 0 0 0.999997 0.00166247 -0.000293718 -0.00790838 -0.280495 -0.959823 -0.00167806 0.959822 -0.280481 0 0 0 0 0 0 0 0 0 0.999998 0.00110609 0.000906541 -0.00654386 -0.280501 -0.959831 -0.000807384 0.959824 -0.280495 0 0 0 0 0 0 0 0 0 
0.999997 0.000531235 -0.00107029 -0.00117275 0.264751 -0.964314 -0.000228918 0.964316 0.264752 0 0 0 0 0 0 0 0 0 0.999996 0.00143729 -0.0014501 -0.00499457 0.264749 -0.964303 -0.00100207 0.964309 0.264758 0 0 0 0 0 0 0 0 0 0.999997 0.00166247 -0.000293718 -0.00749674 0.264744 -0.964289 -0.00152533 0.964289 0.264757 0 0 0 0 0 0 0 0 0 0.999998 0.00110609 0.000906541 -0.00763909 0.264738 -0.96429 -0.0013066 0.964282 0.264745 0 0 0 0 0 0 0 0 0 0.999997 5.0229e-05 0.00157476 -0.00555255 0.264734 -0.964304 -0.000465332 0.964295 0.264734 0 0 0 0 0 0 0 0 0 
0.999997 0.000935596 -0.000597219 -0.00108287 0.704185 -0.710013 -0.000243727 0.710015 0.704187 0 0 0 0 0 0 0 0 0 0.999997 0.00166247 -0.000293718 -0.00450387 0.704186 -0.71 -0.000973506 0.709999 0.704194 0 0 0 0 0 0 0 0 0 0.999998 0.00110609 0.000906541 -0.00601867 0.704183 -0.709993 -0.00142369 0.709986 0.704188 0 0 0 0 0 0 0 0 0 0.999997 5.0229e-05 0.00157476 -0.0050712 0.70418 -0.710003 -0.00114458 0.709995 0.704178 0 0 0 0 0 0 0 0 0 0.999997 -0.000931234 0.00156873 -0.00221858 0.704182 -0.710014 -0.000443483 0.710011 0.70418 0 0 0 0 0 0 0 0 0 
0.999998 0.000887485 0.000142164 -0.000852767 0.986812 -0.161856 -0.000283918 0.161856 0.986814 0 0 0 0 0 0 0 0 0 0.999998 0.00110609 0.000906541 -0.00348582 0.98681 -0.161844 -0.00107359 0.16184 0.986813 0 0 0 0 0 0 0 0 0 0.999997 5.0229e-05 0.00157476 -0.00422522 0.986807 -0.161849 -0.00156212 0.161842 0.986804 0 0 0 0 0 0 0 0 0 0.999997 -0.000931234 0.00156873 -0.00284677 0.986809 -0.161859 -0.00139731 0.161856 0.986804 0 0 0 0 0 0 0 0 0 0.999997 -0.00148764 0.00103113 -3.91194e-05 0.986813 -0.161858 -0.000776746 0.161859 0.986812 0 0 0 0 0 0 0 0 0 
0.999999 0.000413734 0.000753687 -0.000802403 0.76396 0.645262 -0.000308811 -0.645263 0.763961 0 0 0 0 0 0 0 0 0 0.999997 5.0229e-05 0.00157476 -0.00328675 0.763955 0.64526 -0.00117064 -0.645265 0.763953 0 0 0 0 0 0 0 0 0 0.999997 -0.000931234 0.00156873 -0.004642 0.763959 0.645248 -0.00179933 -0.645254 0.763952 0 0 0 0 0 0 0 0 0 0.999997 -0.00148764 0.00103113 -0.00447181 0.763966 0.64524 -0.00174763 -0.645242 0.763958 0 0 0 0 0 0 0 0 0 0.999998 -0.00148748 0.000274971 -0.00304186 0.76397 0.645243 -0.00116986 -0.645243 0.763965 0 0 0 0 0 0 0 0 0 
0.999998 -0.000238604 0.000954316 -0.000949829 0.0181738 0.999833 -0.000255906 -0.999835 0.0181736 0 0 0 0 0 0 0 0 0 0.999997 -0.000931234 0.00156873 -0.00407698 0.0181769 0.999825 -0.000959591 -0.999831 0.0181716 0 0 0 0 0 0 0 0 0 0.999997 -0.00148764 0.00103113 -0.00663252 0.0181853 0.999812 -0.0015061 -0.999817 0.0181739 0 0 0 0 0 0 0 0 0 0.999998 -0.00148748 0.000274971 -0.00788438 0.0181956 0.999803 -0.00149218 -0.999803 0.0181834 0 0 0 0 0 0 0 0 0 0.999999 -0.00105638 -0.000543518 -0.00756937 0.0182042 0.999805 -0.00104628 -0.9998 0.0181968 0 0 0 0 0 0 0 0 0 
0.999998 -0.00071094 0.000782845 -0.00103847 -0.520422 0.853907 -0.000199669 -0.853908 -0.520423 0 0 0 0 0 0 0 0 0 0.999997 -0.00148764 0.00103113 -0.00451735 -0.520419 0.853898 -0.000733664 -0.853901 -0.520426 0 0 0 0 0 0 0 0 0 0.999998 -0.00148748 0.000274971 -0.00718095 -0.520411 0.853885 -0.00112703 -0.853885 -0.520422 0 0 0 0 0 0 0 0 0 0.999999 -0.00105638 -0.000543518 -0.00827522 -0.520401 0.853882 -0.00118487 -0.853876 -0.520409 0 0 0 0 0 0 0 0 0 0.999999 -0.000255982 -0.00117516 -0.00749062 -0.520395 0.853893 -0.000830129 -0.853883 -0.520396 0 0 0 0 0 0 0 0 0 
0.999998 -0.0008828 0.000381239 -0.000945889 -0.831685 0.555244 -0.000173092 -0.555245 -0.831687 0 0 0 0 0 0 0 0 0 0.999998 -0.00148748 0.000274971 -0.00414539 -0.831684 0.555233 -0.000597198 -0.555233 -0.83169 0 0 0 0 0 0 0 0 0 0.999999 -0.00105638 -0.000543518 -0.00611172 -0.831677 0.555226 -0.00103856 -0.555221 -0.831683 0 0 0 0 0 0 0 0 0 0.999999 -0.000255982 -0.00117516 -0.00624898 -0.831672 0.555232 -0.00111948 -0.555225 -0.831672 0 0 0 0 0 0 0 0 0 0.999997 0.000743734 -0.00141873 -0.00440341 -0.831674 0.555245 -0.000766965 -0.555239 -0.83167 0 0 0 0 0 0 0 0 0 
0.999999 -0.000743784 -5.15769e-05 -0.000722546 -0.983857 0.178948 -0.000183835 -0.178948 -0.983858 0 0 0 0 0 0 0 0 0 0.999999 -0.00105638 -0.000543518 -0.0031771 -0.983855 0.178939 -0.000723771 -0.178936 -0.983858 0 0 0 0 0 0 0 0 0 0.999999 -0.000255982 -0.00117516 -0.00416082 -0.983851 0.17894 -0.00120199 -0.178935 -0.983851 0 0 0 0 0 0 0 0 0 0.999997 0.000743734 -0.00141873 -0.00321707 -0.983853 0.178949 -0.00126273 -0.178946 -0.983848 0 0 0 0 0 0 0 0 0 0.999997 0.00156227 -0.00103756 -0.000508541 -0.983856 0.17895 -0.000741253 -0.178951 -0.983855 0 0 0 0 0 0 0 0 0 
0.999999 -0.000420337 -0.000476556 -0.000591747 -0.889296 -0.457331 -0.000231569 0.457332 -0.889296 0 0 0 0 0 0 0 0 0 0.999999 -0.000255982 -0.00117516 -0.00254495 -0.889292 -0.457332 -0.000927993 0.457335 -0.889292 0 0 0 0 0 0 0 0 0 0.999997 0.000743734 -0.00141873 -0.0032976 -0.889293 -0.457325 -0.00160179 0.457329 -0.889289 0 0 0 0 0 0 0 0 0 0.999997 0.00156227 -0.00103756 -0.00236998 -0.889298 -0.457322 -0.00163717 0.457322 -0.889292 0 0 0 0 0 0 0 0 0 0.999997 0.00178129 -0.000174802 4.90758e-05 -0.889296 -0.457329 -0.000970097 0.457327 -0.889296 0 0 0 0 0 0 0 0 0 
0.999999 7.24001e-05 -0.000745601 -0.000708053 -0.233653 -0.972319 -0.000244609 0.97232 -0.233653 0 0 0 0 0 0 0 0 0 0.999997 0.000743734 -0.00141873 -0.00311605 -0.233654 -0.972314 -0.00105463 0.972318 -0.23365 0 0 0 0 0 0 0 0 0 0.999997 0.00156227 -0.00103756 -0.00496541 -0.23366 -0.972305 -0.00176144 0.972308 -0.23365 0 0 0 0 0 0 0 0 0 0.999997 0.00178129 -0.000174802 -0.00536302 -0.233667 -0.972302 -0.0017728 0.9723 -0.233657 0 0 0 0 0 0 0 0 0 0.999998 0.00118747 0.000731254 -0.00412846 -0.233671 -0.972306 -0.000983717 0.972302 -0.233667 0 0 0 0 0 0 0 0 0 
0.999998 0.000621858 -0.000770344 -0.000967335 0.448156 -0.893953 -0.000210676 0.893955 0.448157 0 0 0 0 0 0 0 0 0 0.999997 0.00156227 -0.00103756 -0.00419663 0.448152 -0.893946 -0.000931595 0.893949 0.44816 0 0 0 0 0 0 0 0 0 0.999997 0.00178129 -0.000174802 -0.00677901 0.448143 -0.893935 -0.00151401 0.893934 0.448156 0 0 0 0 0 0 0 0 0 0.999998 0.00118747 0.000731254 -0.00761214 0.448132 -0.893935 -0.00138922 0.893928 0.44814 0 0 0 0 0 0 0 0 0 0.999999 6.27367e-05 0.00114985 -0.00649058 0.448126 -0.893946 -0.000571363 0.893939 0.448126 0 0 0 0 0 0 0 0 0 
0.999998 0.000985933 -0.000423394 -0.00105388 0.828322 -0.560248 -0.000201653 0.560249 0.828324 0 0 0 0 0 0 0 0 0 0.999997 0.00178129 -0.000174802 -0.00450285 0.828319 -0.560237 -0.000853138 0.560236 0.828327 0 0 0 0 0 0 0 0 0 0.999998 0.00118747 0.000731254 -0.00665024 0.828309 -0.560232 -0.00127096 0.560226 0.828316 0 0 0 0 0 0 0 0 0 0.999999 6.27367e-05 0.00114985 -0.00663167 0.828303 -0.560241 -0.000987578 0.560234 0.828302 0 0 0 0 0 0 0 0 0 0.999998 -0.000994014 0.000918728 -0.0047013 0.828307 -0.560253 -0.000204093 0.560249 0.828302 0 0 0 0 0 0 0 0 0 
0.999998 0.000945302 0.000128112 -0.000929222 0.995636 -0.0933001 -0.000215734 0.0933001 0.995638 0 0 0 0 0 0 0 0 0 0.999998 0.00118747 0.000731254 -0.00383308 0.995631 -0.0932923 -0.000838837 0.0932885 0.995635 0 0 0 0 0 0 0 0 0 0.999999 6.27367e-05 0.00114985 -0.00490208 0.995626 -0.0932968 -0.00115068 0.0932911 0.995625 0 0 0 0 0 0 0 0 0 0.999998 -0.000994014 0.000918728 -0.00378187 0.99563 -0.0933051 -0.000821974 0.0933024 0.995625 0 0 0 0 0 0 0 0 0 0.999998 -0.00149363 0.000318811 -0.00118979 0.995636 -0.0933053 -0.000178056 0.0933052 0.995634 0 0 0 0 0 0 0 0 0 
0.999999 0.000445298 0.000592188 -0.000695483 0.839739 0.542988 -0.000255488 -0.542989 0.83974 0 0 0 0 0 0 0 0 0 0.999999 6.27367e-05 0.00114985 -0.00276662 0.839736 0.542988 -0.000931514 -0.542991 0.839735 0 0 0 0 0 0 0 0 0 0.999998 -0.000994014 0.000918728 -0.00310788 0.839738 0.542982 -0.00131123 -0.542984 0.839734 0 0 0 0 0 0 0 0 0 0.999998 -0.00149363 0.000318811 -0.00169098 0.839742 0.542982 -0.00107874 -0.542981 0.839739 0 0 0 0 0 0 0 0 0 0.999998 -0.00134375 -0.000262505 0.00066119 0.83974 0.542986 -0.000509197 -0.542986 0.839742 0 0 0 0 0 0 0 0 0 
0.999999 -0.000249995 0.000679674 -0.000670543 0.034889 0.99939 -0.000273559 -0.999391 0.0348888 0 0 0 0 0 0 0 0 0 0.999998 -0.000994014 0.000918728 -0.0027055 0.0348908 0.999387 -0.00102547 -0.999389 0.0348872 0 0 0 0 0 0 0 0 0 0.999998 -0.00149363 0.000318811 -0.00385543 0.0348956 0.999383 -0.00150384 -0.999382 0.0348894 0 0 0 0 0 0 0 0 0 0.999998 -0.00134375 -0.000262505 -0.00381265 0.0349008 0.999383 -0.00133375 -0.999381 0.034896 0 0 0 0 0 0 0 0 0 0.999999 -0.000774994 -0.000574995 -0.00290171 0.0349046 0.999386 -0.000754441 -0.999384 0.0349027 0 0 0 0 0 0 0 0 0 
0.999999 -0.000760972 0.000401535 -0.000835173 -0.746241 0.665674 -0.000206916 -0.665675 -0.746242 0 0 0 0 0 0 0 0 0 0.999998 -0.00149363 0.000318811 -0.00351519 -0.746237 0.665669 -0.000756358 -0.665669 -0.746243 0 0 0 0 0 0 0 0 0 0.999998 -0.00134375 -0.000262505 -0.00567004 -0.746228 0.665666 -0.00109037 -0.665663 -0.746236 0 0 0 0 0 0 0 0 0 0.999999 -0.000774994 -0.000574995 -0.0066936 -0.746218 0.665668 -0.00094496 -0.665664 -0.746222 0 0 0 0 0 0 0 0 0 1 -7.49999e-05 -0.000612494 -0.0065374 -0.746213 0.665675 -0.000506977 -0.665671 -0.746213 0 0 0 0 0 0 0 0 0 
0.999998 -0.000871881 9.35954e-06 -0.000858365 -0.982489 0.186315 -0.000153249 -0.186315 -0.98249 0 0 0 0 0 0 0 0 0 0.999998 -0.00134375 -0.000262505 -0.0036566 -0.982483 0.18631 -0.000508258 -0.186308 -0.982488 0 0 0 0 0 0 0 0 0 0.999999 -0.000774994 -0.000574995 -0.00558218 -0.982475 0.186311 -0.000709312 -0.186307 -0.982479 0 0 0 0 0 0 0 0 0 1 -7.49999e-05 -0.000612494 -0.00619603 -0.98247 0.186317 -0.000615731 -0.186313 -0.98247 0 0 0 0 0 0 0 0 0 0.999999 0.000631241 -0.000462503 -0.00544925 -0.982473 0.186322 -0.000336776 -0.18632 -0.98247 0 0 0 0 0 0 0 0 0 
